
         column 1 to 8
  -0.2933798250652736583355  -0.297001372855316081445   -0.3023821069646099313211  -0.3094548296524394226381  -0.3181212504466144896931  -0.328243121285305861079   -0.339629243743743203243  -0.3520181218756219809762
         column 9 to 16
  -0.3650593606751838526847  -0.378306862370688889996  -0.3912567680026729499687  -0.4034737001542238465923  -0.4147768936177101961604  -0.425307312597379361119  -0.435365694983588513711  -0.4451936588452237719693
         column 17 to 24
  -0.4548608243326511813009  -0.464238599386961103832   -0.4729990605281771398616  -0.4806150165646095318017  -0.486375744539920162879  -0.4894733113371602106767  -0.489238390070966755463  -0.4854903862925059043754
         column 25 to 32
  -0.478692875251891636346  -0.4696933028609834304135  -0.459341581637750295819   -0.448295759257085313365  -0.43699088470466973533  -0.4256615821074075656227  -0.4143680854437485905351  -0.4030229398855889044739
         column 33 to 40
  -0.3914414911462517632224  -0.379448038158671785425  -0.3670253058117872724253  -0.354397643020963049043  -0.341958449325082070036  -0.330128013049139523716  -0.3192648241462754943321  -0.3096446036193948314619
         column 41 to 48
  -0.3014704452329853845427  -0.2948890363189995977855  -0.2900042910020118602787  -0.2868870079445832721454  -0.285581198581546846782  -0.286107949015229678924   -0.2884674387047366783676  -0.292639440207354439849 
         column 49 to 56
  -0.2985823446240889467163  -0.3062304854470059289895  -0.3154892410998780261089  -0.3262270757781807195563  -0.338263413180339922448  -0.35135142073724551226   -0.3651567128834375397517  -0.3792400855098324585768
         column 57 to 64
  -0.3930703295018680432094  -0.4061171094539989812056  -0.4180454086596276930266  -0.428874614618557470358   -0.4388927887110949388472  -0.4484069004921231726968  -0.4575697641732864306974  -0.4663280864138806824926
         column 65 to 72
  -0.474420264556123294497  -0.4813805030975824017503  -0.4865514788029242643219  -0.489149491717818629688   -0.4884618263946770011508  -0.4841911210247520358507  -0.4766958920458816972854  -0.4668140271593017587293
         column 73 to 80
  -0.4554586607856683233564  -0.4433673109886250296441  -0.4310461999807669308815  -0.4187918119444207221136  -0.406721348789249925737   -0.394799717708846198416  -0.382879465219941650389  -0.3707839457863065235621
         column 81 to 88
  -0.3584413022602842557873  -0.3459931140582666597716  -0.3337701244837335545768  -0.3221667369506384104305  -0.311538353867900741356  -0.3021652421329860116472  -0.2942555723607314099866  -0.2879596132964501453699
         column 89 to 96
  -0.283383272903865335302  -0.2805982034018535409281  -0.2796486632544752937157  -0.2805558939526220374461  -0.2833206371240454823912  -0.2879241464939475414475  -0.2943277720506302097547  -0.3024709112875818561861
         column 97 to 104
  -0.3122667973469353541738  -0.3235951809551075863958  -0.3362904428088454578116  -0.3501231767872152733645  -0.3647735493109932614075  -0.3797985283857425731213  -0.3946102798891256147051  -0.408521772015236594999
         column 105 to 112
  -0.420951099467892109196   -0.4317405317449035662136  -0.4412264529872975682423  -0.4499114386639652130029  -0.4581453162765054543115  -0.4660258098349411848282  -0.4734062209612305283102  -0.4799120220424912819368
         column 113 to 120
  -0.4849454295283487925694  -0.4877050136621153830774  -0.4873022415772940707512  -0.4830905728640784158046  -0.4751193015154109300369  -0.4642106029319295057434  -0.4514870603855077879629  -0.437921560835044298976 
         column 121 to 128
  -0.4242028315913488611955  -0.4107630548869730668926  -0.3978279620256196524863  -0.3854505561240588740191  -0.373533756592243304517  -0.3618678549307439706872  -0.3502227370010605467243  -0.3385029555730262873503
         column 129 to 136
  -0.3268609237776213261029  -0.3156429744261032843688  -0.3052391748163196805166  -0.2959833337842409095586  -0.2881280093096792449536  -0.281854219788582160966   -0.2772878577340757710878  -0.2745134747076589665227
         column 137 to 144
  -0.2735840774749298542901  -0.2745276612824454343098  -0.2773513752972812662634  -0.2820439378012026265807  -0.288576590915997854836  -0.2969025657472323942443  -0.3069546829107210883514  -0.318640268434385143248 
         column 145 to 153
  -0.3318319137090798842671  -0.346351598983660247111  -0.361944198704835407021  -0.3782347542882783519858  -0.3946653249217815795369  -0.4104265477947396934  -0.4244804572940264475456  -0.435923031585281450795  -0.444688675116200915483
         column 154 to 161
  -0.4516164716448257121506  -0.4576434524808594694889  -0.4633243139265139642902  -0.4688314735419991663434  -0.4740453526896213354291  -0.478601432452803843276   -0.4818904484173537339231  -0.4830392740817500696338

