
         column 1 to 8
   0.0009123242157342374963   0.0036429000222811518811   0.00816508537692824284   0.0144263144138488050294   0.0223420251623558351051   0.0317868289343984644635   0.04258344557279859083   0.0544920063114442757013
         column 9 to 16
   0.0672054738301662984989   0.0803564990134314899306   0.0935248103590258089701   0.1062249143298635151167   0.1179899273017433192212   0.1287379524064078961665   0.1389383607234989659318   0.1491471931487423907559
         column 17 to 24
   0.1595760987966131638771   0.1700394482317458266785   0.1800505320992905611277   0.1889315044969660239982   0.1959404650565637895365   0.2004074551886866339956   0.2017853802794859485736   0.1996699944009028560021
         column 25 to 32
   0.1941745912537431173472   0.1861963787998830999193   0.1768303016486388323791   0.1667972534384089544623   0.156415189533602699834    0.1457648914220723845858   0.1348281618406874382554   0.1235807283704165593363
         column 33 to 40
   0.1120393286335901045225   0.1002201417594871107886   0.0880563304748587794002   0.0755243057978270126984   0.0628870374992288733162   0.05061952318331182366   0.0391712892560563408217   0.0288719406863866996649
         column 41 to 48
   0.0199483465464837979308   0.0125594896755400926847   0.0068198578166019114405   0.0028120861911912617068   0.0005935115449827453636   0.0001996128005482177763   0.0016456951935586044446   0.0049272148770601311915
         column 49 to 56
   0.0100185978704673307738   0.0168700825200595004583   0.0254019429352639568298   0.0354955134259392832141   0.046981030593148585817   0.0596240581769732769235   0.0731157736460613522089   0.0870756663733239094638
         column 57 to 64
   0.1010667043423211508557   0.1145950853810765723839   0.1271255202901378500435   0.1383611845168708220921   0.1486213439401996849742   0.158548813095534923967    0.1685197512811036080205   0.1784632666650870225222
         column 65 to 72
   0.1879521104556958199794   0.196331332180241124874    0.202854546518234979402    0.2068354161926808099103   0.207734468486392626074   0.2051440926795694563722   0.1990429606890127267604   0.1902042841431297315324
         column 73 to 80
   0.1797878945877932899133   0.1686518349614946621351   0.1572164367380371463589   0.145624862820925654594    0.1338965070538584156701   0.122026715646772226931   0.1100427304094536706813   0.0979850238060992889677
         column 81 to 88
   0.085815406309624489567   0.0734598511070734538908   0.0610593866870030796412   0.0490149408020643870265   0.0377717469130869759608   0.0276779872374711757854   0.0189760417066976196099   0.0118333548270137464686
         column 89 to 96
   0.006367915056010497489    0.0026631882757988320498   0.0007762753735068843742   0.0007424475302087869518   0.0025776404650833372595   0.0062794321849280396175   0.0118263969546545995998   0.0191753186697979152719
         column 97 to 104
   0.0282554629753492755895   0.0389589847121823290577   0.0511268336321283045631   0.064530901027873927012   0.0788570179684611044513   0.093700787593470058479   0.1085907859728858920745   0.1230129692854723816309
         column 105 to 112
   0.1363425129864404561353   0.1479146592810481330993   0.1577554129394626025729   0.1667746141451940389278   0.1757809587437647591557   0.1849540913589974022724   0.1939605060411492276629   0.2021508845193437098331
         column 113 to 120
   0.2087182915318532838711   0.2128730018833636938869   0.2140084114711376384044   0.2116606976075526003189   0.2054375553806532250789   0.1956921401800424398232   0.183785104503324053793   0.1710414140303566088441
         column 121 to 128
   0.158176818214289111042    0.1454590822414157658127   0.1329466856004507813172   0.1206280046569027791792   0.1085013927008726952739   0.0966124076730695141579   0.0849874198285521242902   0.0734819591999360810508
         column 129 to 136
   0.0618970604784404923593   0.0503671029834465780461   0.0393480585479652616998   0.0293067562561559122325   0.0205790035671144927454   0.013383567461371325552   0.0078635334247284700837   0.0041145676341816980054
         column 137 to 144
   0.002200494084992549778    0.00216176394017522297     0.0040202597961780765778   0.0077819104286688447342   0.0134374326476688604054   0.0209608198309187039599   0.030304701303783574545   0.0413912979403281769408
         column 145 to 152
   0.0540974444377045268761   0.0682323870217054068155   0.0835090201392671566127   0.0995164566545718304313   0.1157213831904199685674   0.1315508107649243640935   0.1465077075807456885581   0.1598125545402868386002
         column 153 to 160
   0.1699890622989319033387   0.177128695188576879005   0.1833581473871258027408   0.1900535492910283286161   0.1973540152480312559469   0.2047553148843666570578   0.2114423178028094763015   0.2164580877180300177987

