
         column 1 to 6
   1.3073968631952677110775   1.3041952418933258073253   1.2993876978383065434741   1.292966950325425523616   1.2849228178971889846594   1.2752422220516548279079
         column 7 to 12
   1.2639091956706665076382   1.2509049019349511855381   1.236207672646171928932   1.2197930796140050713205   1.20163405976289094923     1.1817011247913729032888
         column 13 to 18
   1.159962700811423719216   1.1363856639879506005286   1.1109361666650581224047   1.0835808866915055403979   1.054288881754195994489   1.0230342890473156369779
         column 19 to 24
   0.9898001709606184528312   0.9545838495743732554644   0.9174040543623223076253   0.8783100535776567907575   0.837392540777358029835   0.7947952916468293826924
         column 25 to 30
   0.7507254815758600541287   0.7054593418803776216919   0.659339274087482607456   0.6127596687290888244348   0.5661419828506485396602   0.5199040068669229519571
         column 31 to 36
   0.4744310741425855071363   0.4300561402041043757016   0.387051717011396012591    0.3456322724062594331507   0.305963216346643696042   0.2681724029120780561364
         column 37 to 42
   0.2323612152776987904712   0.1986136751573776837443   0.1670030430112118824404   0.1375959381886014409879   0.1104542165110472540235   0.0856348394592347239573
         column 43 to 48
   0.0631878609029244697748   0.0431525095457701707291   0.0255512008077298895248   0.010381215643829400444   -0.00239619216332217014  -0.0128692342332234546665
         column 49 to 54
  -0.0211908731569504099612  -0.0275940302755675326285  -0.0324030784872342339509  -0.0360363951165473261895  -0.0389946224940163413408  -0.0418321252979469426769
         column 55 to 60
  -0.0451150133219433563392  -0.049375261799566569354   -0.0550726587103186060457  -0.0625727066059761638517  -0.07214183331133297572    -0.0839557448609671852502
         column 61 to 66
  -0.0981147833228335070066  -0.114661077780835590767   -0.1335942958657781731713  -0.1548846040286628589211  -0.1784825742199268039379  -0.2043262998042640610219
         column 67 to 72
  -0.2323461231937516691115  -0.2624673213103991820105  -0.29461096189806096346   -0.3286929995020388406424  -0.3646215645129209370623  -0.402292350558296152307
         column 73 to 78
  -0.4415820793930575471897  -0.4823402950011068668346  -0.5243802886178486888369  -0.5674707946719663720359  -0.611331036577392739062   -0.655632228262877259084
         column 79 to 84
  -0.7000079954872261422949  -0.7440738870936525195532  -0.7874527697665126835247  -0.8298002268251410962208  -0.8708239264413314417723  -0.9102934608768944446666
         column 85 to 90
  -0.9480407015237819479125  -0.9839532739275647088562  -1.0179645244518120694721  -1.0500427667839875578437  -1.0801815175553248771223  -1.1083914643965699919903
         column 91 to 96
  -1.1346942780560151931013  -1.1591180605004403059155  -1.1816941097422462014777  -1.202454682544839448255  -1.2214314834602497672478  -1.2386546675030132291795
         column 97 to 102
  -1.2541521980976220174142  -1.267949446266931401439  -1.2800689508647868919411  -1.2905302844514285887101  -1.2993499870938391982378  -1.3065415427370596912482
         column 103 to 108
  -1.312115381296245386622   -1.3160788953762327935237  -1.3184364643542934025788  -1.3191894810527002857015  -1.3183363778028658330754  -1.3158726496657680016256
         column 109 to 114
  -1.31179087314778297646  -1.3060807191103824820289  -1.298728958863908822252  -1.2897194628024042373227  -1.2790331915368431392466  -1.266648180516380062244
         column 115 to 120
  -1.2525395208590981432906  -1.2366793419224018091285  -1.2190368055706666261528  -1.1995781289278242276453  -1.1782666627649063251226  -1.1550630681766309582059

