
         column 1 to 6
   0.0003897919922255767213   0.0015586729750815112895   0.0035046476411081176061   0.006224006574725827502   0.0097112494059436848398   0.0139589787005962653876
         column 7 to 12
   0.0189577610511258848325   0.0246959513262140460677   0.0311594757073724443197   0.038331569102194242016   0.046192462963719975455   0.0547190207459611124841
         column 13 to 18
   0.0638843205936339558759   0.0736571889467621254699   0.084001695202197732004   0.094876627072616154246   0.1062349791480079463923   0.1180235027359232274913
         column 19 to 24
   0.1301823806235365421635   0.1426451000568117188916   0.1553385921112096501595   0.168183679337988389868   0.1810958386056125413166   0.1939863020309207097824
         column 25 to 30
   0.206763705409898745913   0.219336944959918789255   0.2316204208014218945966   0.2435426695222802917495   0.25505761259697473653    0.266154690892875633867
         column 31 to 36
   0.2768625910472120588146   0.2872435132935747259531   0.297379765571055498796   0.3073578749376599250631   0.3172551292504093289892   0.3271308378609359968081
         column 37 to 42
   0.3370221084324285798495   0.346942763909174944903    0.3568839636219157673835   0.3668155152819629893912   0.3766873304249209741812   0.3864308200609459786889
         column 43 to 48
   0.3959602413333603854184   0.4051741289713606808398   0.413957010258644231282    0.4221816180964906850548   0.4297117679358515296428   0.4364059272251172849622
         column 49 to 54
   0.442121297073654551113    0.4467180880835145972974   0.450063928271196234121    0.4520392825363441224873   0.45254596373535754816   0.4515205348137307783674
         column 55 to 60
   0.4489508523972359776977   0.4448887611661340724112   0.4394505744673232738862   0.4328026931566490431713   0.4251379608164137513526   0.4166519004398619996365
         column 61 to 66
   0.407525329771358801878    0.3979150202021297655364   0.387950787384752415754    0.377736461318411098631    0.3673526233407939933784   0.3568598004684579994006
         column 67 to 72
   0.3463014730384675332608   0.335706671134801459822   0.3250921589875434003503   0.314464307735139503297    0.3038207854273538011114   0.2931521703459342154119
         column 73 to 78
   0.2824435235589299320047   0.271675846914568863699   0.2608272493260674895765   0.2498736656719888482581   0.2387892866140770287142   0.2275475035311160521  
         column 79 to 84
   0.2161237525444067997249   0.2045012875152971698611   0.1926791041638728774199   0.1806789895315412675103   0.1685481491014259314287   0.1563559678721771761811
         column 85 to 90
   0.1441864811063310325423   0.1321296752298142807014   0.1202742107302742363695   0.1087026733497481884028   0.0974892288046509403188   0.086699002870698677059
         column 91 to 96
   0.0763884685513097766441   0.0666063020705452285553   0.0573943762734967222183   0.048788717657194440036   0.040820352151766756132   0.0335160189643038328167
         column 97 to 102
   0.0268987578610471629592   0.0209883856157684518806   0.0158018797546006749266   0.0113536865362595038031   0.007655967574283321919   0.0047187967075471614134
         column 103 to 108
   0.0025503161122147084      0.0011568583741160523484   0.0005430393182279394859   0.000711824778250868379    0.001664573123895685949    0.0034010541862749430961
         column 109 to 114
   0.005919444179652517089   0.0092162952669872996725   0.01328647752352107164   0.0181230901942668158611   0.0237173383076188272478   0.0300583699053521002931
         column 115 to 120
   0.0371330684105137462381   0.0449257940481081197159   0.0534180678860143934306   0.0625881921912665450947   0.0724108017488592353716   0.0828563431058678273589

