
         column 1 to 6
  -0.661250174672026513889   -0.6628071309933910582046  -0.6651385669957956547904  -0.6682395563352799827683  -0.6721033950150629987519  -0.676721502682740116974 
         column 7 to 12
  -0.6820832926495437043002  -0.6881760062769570751584  -0.694984506352624986647   -0.7024910230514948006331  -0.7106748451425395352032  -0.719511948439912174535
         column 13 to 18
  -0.728974553445535855545  -0.7390306052725430507877  -0.74964317225717669313   -0.7607697667501396310286  -0.7723616048930502797631  -0.784362845336985747835 
         column 19 to 24
  -0.7967098846378133369939  -0.8093308447448017695081  -0.8221454688412326294866  -0.835065740975420855996   -0.8479976382151075409155  -0.8608444526092857707056
         column 25 to 30
  -0.8735119828122672736015  -0.885915476929853173971  -0.8979874811131738354675  -0.9096849255250161192521  -0.9209933631336955084379  -0.9319267787937761671202
         column 31 to 36
  -0.9425227917932984533778  -0.9528346398950071627354  -0.9629221392288963565775  -0.9728435568312704395666  -0.9826494427807650478002  -0.99237857936272400039 
         column 37 to 42
  -1.0020556661375763507493  -1.0116901847315433737862  -1.021275933954530312775   -1.0307908568465724563623  -1.0401969177243368669394  -1.0494399018397653211565
         column 43 to 48
  -1.0584491045386263952111  -1.067136965091047384746   -1.0753988010120929530444  -1.0831129293313428441081  -1.090141632295224649596  -1.096333625517013743433
         column 49 to 54
  -1.1015288585310414326557  -1.1055664826330069416827  -1.1082964316556376260792  -1.1095940526392538139078  -1.1093756332587298985004  -1.1076111303424771570292
         column 55 to 60
  -1.1043300750251241471034  -1.099618357224917630788  -1.0936067813917396129852  -1.0864550273452637796368  -1.078335371912304108122  -1.0694193048085545161285
         column 61 to 66
  -1.059868259097101361732   -1.0498281948928629425666  -1.0394270842673085653018  -1.0287742583184540379193  -1.0179607781598625226849  -1.0070602568570723445163
         column 67 to 72
  -0.9961297872330179270506  -0.9852107968501582213605  -0.974329766613871273151  -0.9634988331983660447833  -0.9527163668059155376966  -0.9419676885206557104269
         column 73 to 78
  -0.9312261711303699840414  -0.9204550445631055621831  -0.9096102687893554694654  -0.8986447788621010346333  -0.8875141651386553309777  -0.8761833787193055167464
         column 79 to 84
  -0.8646334351856623801069  -0.8528666209494168981564  -0.8409087747805001900048  -0.8288079851437137879344  -0.8166301885292599482824  -0.8044530408646755059721
         column 85 to 90
  -0.7923596324159327686232  -0.7804331987310780816003  -0.7687533365099045168378  -0.7573937087767013132122  -0.7464209457643122824777  -0.7358943769738276463599
         column 91 to 96
  -0.7258662734310771247337  -0.7163823617171851676488  -0.707482451552729485478  -0.6992010811957695137764  -0.6915681280599036417911  -0.6846093594005178140094
         column 97 to 102
  -0.6783469142203897295218  -0.6727997165632546572311  -0.6679838248820958446217  -0.6639127240388069672861  -0.660597566877133002272  -0.6580473719128325793548
         column 103 to 108
  -0.6562691829106559460172  -0.655268195192590940934   -0.6550478525631642234828  -0.6556099177990629689461  -0.6569545187492218385472  -0.6590801712243217203024
         column 109 to 114
  -0.661983779006314554394   -0.6656606104573833393445  -0.6701042503280215667516  -0.6753065244275716638711  -0.6812573937982313587725  -0.6879448138962311887212
         column 115 to 120
  -0.695354553006066078424  -0.7034699626793703419736  -0.712271691404682383286  -0.7217373310265040586842  -0.7318409837727730682388  -0.7425527364016836218141

