
         column 1 to 8
   1.3005208617823960093318   1.28352760924405817633   1.2578954783094606906246   1.2234238253248796990391   1.1798372025368826232494   1.126796787543651534591    1.0639304629055394979531   0.9909068786159349606635
         column 9 to 16
   0.9076045217840357226535   0.814457300694323427237    0.7130280431222101311661   0.606581552177148153326   0.4998851445476172328242   0.397759155761612803737   0.3036346754401684777669   0.2194382620054333987714
         column 17 to 24
   0.1462444536469475475648   0.0847952398994743228311   0.0356586638776977479792  -0.0009237774509472662654  -0.0254883275995612321174  -0.0401018196183717048897  -0.049104270676834496645   -0.0588091460828714107656
         column 25 to 32
  -0.075441165615298649838   -0.103007243734367162635  -0.1430482216316119326027  -0.195564199718207709644   -0.2598524870742109360577  -0.3349324743540583737555  -0.41963848862889474578    -0.512445919348888723199
         column 33 to 40
  -0.6110724639265164848112  -0.7120873885951956028251  -0.8111294758886801181674  -0.904067033979419898415  -0.9881684194239036544971  -1.062247140083025565005   -1.1261101191480638039621  -1.1800153730673235141779
         column 41 to 48
  -1.224359679525056421312  -1.259536560999717558218   -1.285880213208263622704  -1.3036461790447340103327  -1.3130061817570373161601  -1.3140478886447386486225  -1.3067761712239034377347  -1.2911147344434337203012
         column 49 to 56
  -1.2669078683365118109805  -1.2339225617832698667087  -1.1918520161971792870048  -1.1403235999007199641397  -1.0789191554073380707734  -1.007226565387097760862  -0.9249638103466177874168  -0.8322522800737229831114
         column 57 to 64
  -0.730131883042563156749  -0.621253963822457899724  -0.510144008265297932425  -0.4021219081043862497715  -0.301466922974155393522  -0.210713840490363485403  -0.131204644289418137504  -0.0637661715051035665747
         column 65 to 72
  -0.0090113644320471489313   0.0327186805743141448377   0.0617235852951830699098   0.0796324357980763841702   0.0902298946662370843219   0.0995560023093329249377   0.1142100415877973229595   0.138916324721073708437
         column 73 to 80
   0.1757553688975951877715   0.2249746107090834779108   0.2859427293034925154913   0.3576901474084285825761   0.4390841343720064404721   0.5287295054556955253844   0.6246344731699583485707   0.723790908976258973162 
         column 81 to 88
   0.8221561505932821756204   0.9155390224935644472026   1.0008486004463312823987   1.0765382514743977449001   1.142193658564687908097   1.1979674052877737899792   1.244211715705761500672   1.28129981996040909209 
         column 89 to 96
   1.3095517991156311321532   1.329207711511065870269   1.3404199524724029757294   1.3432528114459993950902   1.3376844279192927622546   1.3236092807624364464658   1.3008403958569687564051   1.2691108006601381497092
         column 97 to 104
   1.2280740735489565906846   1.1773048427656820358322   1.1163031092075696992794   1.0445142726867167048965   0.96139624802253631497     0.8666075504639734194967   0.7604594864855869218445   0.6447808159717447473724
         column 105 to 112
   0.5238862411273799146727   0.4041992649939285531246   0.2917010038877544397806   0.1899561608372014598345   0.100566647421613308833   0.0243325019356541438764  -0.0381182515204714494894  -0.086225055526535837602
         column 113 to 120
  -0.1197433249107720254489  -0.1393479269729475111816  -0.1476508242373874013609  -0.1501897067193532497864  -0.154751161631001860064   -0.1682370232972375811986  -0.1942635489186834707453  -0.2336270129512794668791
         column 121 to 128
  -0.285732325904876516276   -0.3495248566857896421745  -0.4238793487682528948746  -0.5076561928203980889052  -0.5994998715227493057967  -0.6973788447252292632683  -0.7980424861758915744403  -0.8970606680842332369963
         column 129 to 136
  -0.9900363112071881577236  -1.0740380142766332571824  -1.1478458799002719814553  -1.211315708430131365958  -1.264753262294843860758  -1.3085697344296183253221  -1.3431358153402475075211  -1.3687308971291594072994
         column 137 to 144
  -1.3855308613798540395834  -1.3936098327943220454017  -1.392946214397927651163  -1.383429344379121905817   -1.3648652092882398445539  -1.3369800950137993300615  -1.2994208462633471956593  -1.2517500690402070251395
         column 145 to 152
  -1.193434753141286330802   -1.123828780952316641617   -1.0421573987302115149589  -0.9475355781546289657413  -0.8391201955586786720431  -0.7166616314893391459506  -0.5819431463616356881019  -0.4409791989675522216885
         column 153 to 160
  -0.3035877584377125737447  -0.1777325223490025252193  -0.0665380741046463775046   0.0294112965810216786533   0.1099492958442698231636   0.1746453847279182125529   0.2227981591449565978991   0.2537146361735663768755

