
         column 1 to 6
   0.6106212745744502568002   0.6101364929445303175726   0.6094190056460767612734   0.6084818749028466644546   0.6073430926065046531193   0.606025552789453469948
         column 7 to 12
   0.6045570110043274603129   0.6029700223432282735203   0.6013018464315909028528   0.5995943030169217369263   0.5978935551893487243547   0.5962497880679772377377
         column 13 to 18
   0.5947167379694443534177   0.5933510093848630706503   0.592211093070691085849    0.5913559668133311353344   0.5908431203194596248451   0.590725798874972229946 
         column 19 to 24
   0.5910492139045399051511   0.5918454400369121959358   0.593126744116542314877   0.5948772355439636561059   0.5970430813505762657201   0.599522186150422076167
         column 25 to 30
   0.6021552020507213720535   0.6047207648710587468699   0.606938319830355510476   0.6084809280589428270858   0.6089976118539225380388   0.608141033365473981931
         column 31 to 36
   0.6055938249772437886875   0.6010874985244064605538   0.5944111510217066074446   0.5854109184650121422422   0.5739833249257259017995   0.560065937257700707796
         column 37 to 42
   0.5436278444364501805097   0.524661350961043937424   0.5031754112080356611258   0.4791908459977353706982   0.4527371939953587220984   0.4238510435691458244634
         column 43 to 48
   0.392575776833670286869   0.358962781779487261069   0.3230743146589264425117   0.2849882865683163180037   0.2448052476639915320256   0.2026576529823649053252
         column 49 to 54
   0.1587209791273520020916   0.1132252973124758255175   0.0664645400095165705956   0.0187993986369621446375  -0.0293503849382248938049  -0.0775264136672111497939
         column 55 to 60
  -0.125262236258720793813  -0.172116871976930763122  -0.2177022889790503623608  -0.2616987167931057456371  -0.3038569622155146698894  -0.3439911366564478711894
         column 61 to 66
  -0.3819666233638910890491  -0.417687281669816889984   -0.4510842459745028065754  -0.4821072552509671482746  -0.510718580938587018991  -0.5368892369677542575346
         column 67 to 72
  -0.5605970733113826431904  -0.5818264211553358933315  -0.6005690791933474548259  -0.6168265554872790490393  -0.6306135764298289592134  -0.6419629123587058394662
         column 73 to 78
  -0.6509315033607097067403  -0.657607636131623540798  -0.6621184607269663402462  -0.6646364407880328561973  -0.6653825656511883623878  -0.6646237507761428853215
         column 79 to 84
  -0.6626624449892297707976  -0.6598184416878857261324  -0.6564057614398532969346  -0.6527097228143409202161  -0.6489694192010330153764  -0.6453686308826253048565
         column 85 to 90
  -0.6420351522537185440243  -0.6390462965893943803053  -0.6364376522753005804844  -0.6342126408897358347261  -0.6323513442004013995756  -0.630817901164676064774
         column 91 to 96
  -0.6295663313255747128849  -0.6285449305026766797511  -0.62769949341884934135  -0.6269756276696736296827  -0.6263203897723264024222  -0.6256834278696002948905
         column 97 to 102
  -0.6250177715157885227626  -0.6242803721530486571467  -0.623432469272660605419  -0.6224398359057536911365  -0.6212729415459430359903  -0.6199070594572033687797
         column 103 to 108
  -0.6183223373852696491682  -0.61650384505715827288  -0.6144416078423164950806  -0.612130633066713336632  -0.6095709333618951619727  -0.606767549836921937789
         column 109 to 114
  -0.6037305765914351418644  -0.6004751869945980091714  -0.5970216611115466420756  -0.5933954125454972139408  -0.589627011646463028427  -0.5857522003510828856321
         column 115 to 120
  -0.5818118916396874951147  -0.5778521434135081014105  -0.5739240920580549465413  -0.5700838244208618066367  -0.5663921574635566447142  -0.5629142811327589868142

