
         column 1 to 15
   0.01   0.02   0.03   0.04   0.05   0.06   0.0700000000000000066613   0.08   0.09   0.09999999999999999167333   0.1099999999999999866773   0.1199999999999999816813   0.1299999999999999766853   0.1399999999999999855671   0.15
         column 16 to 23
   0.1600000000000000033307   0.1700000000000000122125   0.1800000000000000210942   0.190000000000000029976    0.2000000000000000388578   0.2100000000000000477396   0.2200000000000000566214   0.2300000000000000655032
         column 24 to 31
   0.2400000000000000743849   0.2500000000000000555112   0.2600000000000000643929   0.2700000000000000732747   0.2800000000000000821565   0.2900000000000000910383   0.3000000000000000999201   0.3100000000000001088019
         column 32 to 39
   0.3200000000000001176836   0.3300000000000001265654   0.340000000000000135447   0.350000000000000144329    0.3600000000000001532108   0.3700000000000001620926   0.3800000000000001709743   0.3900000000000001798561
         column 40 to 47
   0.4000000000000001887379   0.4100000000000001976197   0.4200000000000002065015   0.43000000000000021538   0.4400000000000002242651   0.4500000000000002331468   0.4600000000000002420286   0.4700000000000002509104
         column 48 to 55
   0.48000000000000025979   0.490000000000000268674    0.5000000000000002220446   0.5100000000000002309264   0.5200000000000002398082   0.53000000000000024869   0.5400000000000002575717   0.5500000000000002664535
         column 56 to 63
   0.5600000000000002753353   0.5700000000000002842171   0.5800000000000002931    0.5900000000000003019807   0.6000000000000003108624   0.6100000000000003197442   0.620000000000000328626    0.6300000000000003375078
         column 64 to 71
   0.6400000000000003463896   0.6500000000000003552714   0.6600000000000003641532   0.6700000000000003730349   0.6800000000000003819167   0.6900000000000003907985   0.7000000000000003996803   0.7100000000000004085621
         column 72 to 79
   0.7200000000000004174439   0.7300000000000004263256   0.7400000000000004352074   0.7500000000000004440892   0.760000000000000452971    0.7700000000000004618528   0.7800000000000004707346   0.7900000000000004796163
         column 80 to 87
   0.8000000000000004884981   0.8100000000000004973799   0.8200000000000005062617   0.8300000000000005151435   0.8400000000000005240253   0.8500000000000005329071   0.8600000000000005417888   0.8700000000000005506706
         column 88 to 95
   0.8800000000000005595524   0.8900000000000005684342   0.900000000000000577316    0.9100000000000005861978   0.9200000000000005950795   0.9300000000000006039613   0.9400000000000006128431   0.9500000000000006217249
         column 96 to 103
   0.9600000000000006306067   0.9700000000000006394885   0.9800000000000006483702   0.990000000000000657252    1.0000000000000006661338   1.0100000000000006750156   1.0200000000000006838974   1.030000000000000692779
         column 104 to 111
   1.040000000000000701661   1.0500000000000007105427   1.0600000000000007194245   1.0700000000000007283063   1.0800000000000007371881   1.0900000000000007460699   1.1000000000000007549517   1.1100000000000007638334
         column 112 to 119
   1.1200000000000007727152   1.130000000000000781597   1.1400000000000007904788   1.1500000000000007993606   1.1600000000000008082424   1.1700000000000008171241   1.1800000000000008260059   1.1900000000000008348877
         column 120 to 127
   1.2000000000000008437695   1.2100000000000008526513   1.2200000000000008615331   1.2300000000000008704149   1.2400000000000008792966   1.2500000000000008881784   1.2600000000000008970602   1.270000000000000905942
         column 128 to 135
   1.2800000000000009148238   1.290000000000000923706   1.3000000000000009325873   1.3100000000000009414691   1.3200000000000009503509   1.3300000000000009592327   1.3400000000000009681145   1.3500000000000009769963
         column 136 to 143
   1.360000000000000985878   1.3700000000000009947598   1.3800000000000010036416   1.3900000000000010125234   1.4000000000000010214052   1.410000000000001030287   1.4200000000000010391688   1.4300000000000010480505
         column 144 to 151
   1.4400000000000010569323   1.4500000000000010658141   1.460000000000001074696   1.4700000000000010835777   1.4800000000000010924595   1.4900000000000011013412   1.500000000000001110223    1.5100000000000011191048
         column 152 to 159
   1.5200000000000011279866   1.5300000000000011368684   1.5400000000000011457502   1.5500000000000011546319   1.5600000000000011635137   1.5700000000000011723955   1.5800000000000011812773   1.5900000000000011901591
         column 160 to 167
   1.6000000000000011990409   1.6100000000000012079227   1.6200000000000012168044   1.6300000000000012256862   1.640000000000001234568    1.6500000000000012434498   1.6600000000000012523316   1.6700000000000012612134

