
         column 1 to 8
   0.6095728903542650956027   0.6070761920011058521141   0.603600481459269588846   0.599504730904384830481    0.5952740844672984588115   0.5915031570703126462263   0.5888586502857118265553   0.5879978881725757000609
         column 9 to 16
   0.589398784346931381428   0.5930333588608324157931   0.5978478125105289864294   0.6012570791373978984495   0.599329515407843627095    0.5880885060113018036887   0.5648573108424240762915   0.5284606839542171918822
         column 17 to 24
   0.4786979204039881197197   0.415854410314835387652   0.340471034189088750388    0.2533484484315210449878   0.155790785199885789547   0.0501146821632010158742  -0.0597906473753490042     -0.1686415440994014081078
         column 25 to 32
  -0.2712504241295153328828  -0.364047571439399697546   -0.4451897417277618784759  -0.5138537590027316692698  -0.5696713250882303736233  -0.6125112200177872390228  -0.6425153561242209487858  -0.6603225621658662669589
         column 33 to 40
  -0.6674356181836849089    -0.666527694654927338469   -0.6611844982501807743702  -0.654824515379522686942   -0.6496252794901238303282  -0.6463666906090654862282  -0.6449136266549698737194  -0.644712579615364878 
         column 41 to 48
  -0.645092537431130819137  -0.6454122435897426957041  -0.6451251490918211706216  -0.6438060783406924780792  -0.6411612485652268267344  -0.6370314795594247403443  -0.6313929147863441837529  -0.6243570146237449325355
         column 49 to 56
  -0.6161702421513887140136  -0.607212859712832009329   -0.5979949897567784500296  -0.5891458259085976534308  -0.5813872571783519349609  -0.575473585737492965286  -0.5720604453979286629917  -0.5714377501161025385557
         column 57 to 64
  -0.5730528997711631378209  -0.574891630688880384   -0.5732543644318741637989  -0.5637283382604039161379  -0.542866651177315806542  -0.5089178036231846169457  -0.4614157776069888194925  -0.40057172623027381686  
         column 65 to 72
  -0.3269235393681731993709  -0.2412554367440137570444  -0.1447647759394778133046  -0.0395051547283644527431   0.0710066397692586115387   0.1816720038586261132263   0.2870220179314343367238   0.3829713832585681654308
         column 73 to 80
   0.4673115572471751577588   0.5390717392732103929731   0.5978528383973318316436   0.6435178971848548590273   0.6761650946173579646015   0.6962950162173618950945   0.705131261246088825168   0.7049621080982121368308
         column 81 to 88
   0.6990932847450660458932   0.6910061991333849018559   0.6832149382157507444546   0.6768448293768247747693   0.6719850747417415171014   0.6681992673645102964741   0.6648717243979981317281   0.6613866063990554433616
         column 89 to 96
   0.657209620741927791343   0.6519227277787684737831   0.6452380719215187188098   0.6370033821293032971766   0.6272043477849690296111   0.6159663652373621456348   0.603556535584670927896   0.5903858663063771272661
         column 97 to 104
   0.5770107022264895357822   0.5641308902187558427244   0.5525789824447031595156   0.5432874832427089240028   0.53720448482742233498    0.5350930009906577078382   0.5370944363491469975003   0.5419415921654380241534
         column 105 to 112
   0.546108618961063774222   0.5441644844666063685068   0.5310689406934976375396   0.5040452165072316637051   0.4623222761229170418851   0.4061403442568676247504   0.3361158952430561841496   0.253007920844028844076
         column 113 to 120
   0.1577620105313400911129   0.051850344314060423101   -0.0620150907565523989984  -0.1791056933544247775636  -0.2931024872532437819395  -0.398373160768792922148  -0.4916745442283511624559  -0.5717160350737756635553
         column 121 to 128
  -0.638098664151886652007  -0.6907063159153246090227  -0.729527350996960755047  -0.7547170085619425705659  -0.7668339819193432660427  -0.7672471892258452275115  -0.7585598718209298763071  -0.744494132533193075929 
         column 129 to 136
  -0.7287628532008418869026  -0.7137735193328398342061  -0.7003861650310606590253  -0.6884674491362242632064  -0.6774579646040964631126  -0.6666999006040654762728  -0.6555874099187318782     -0.6436279998243865652086
         column 137 to 144
  -0.630465605719910282545  -0.615888766213698479746  -0.599833966944029239876  -0.582388368171460446554   -0.5637936172296730275022  -0.5444513118708009802305  -0.5249300634558532463458  -0.5059735637848017386631
         column 145 to 152
  -0.4885081068717160857062  -0.4736455509681868902838  -0.4626705991449315824582  -0.4569807015766216840014  -0.4578899400277852693719  -0.46607247489299691301   -0.4802481778598883810361  -0.4952667442230412331305
         column 153 to 160
  -0.5025307316753491182482  -0.4950484183228908707797  -0.470329655508868627045  -0.4285850411854527641786  -0.3708385992115995066776  -0.2981768462642250261396  -0.2115464631231532277589  -0.1117839660882386232377

